1 0.715789 0.250000 0.484211 0.457447
1 0.310526 0.659574 0.452632 0.425532
0 0.763158 0.909574 0.115789 0.180851
0 0.510526 0.920213 0.221053 0.138298
0 0.415789 0.776596 0.157895 0.170213
0 0.447368 0.648936 0.200000 0.148936
0 0.331579 0.574468 0.157895 0.212766
0 0.210526 0.654255 0.252632 0.138298
0 0.263158 0.803191 0.147368 0.180851
0 0.705263 0.356383 0.168421 0.202128
0 0.836842 0.324468 0.200000 0.180851
0 0.842105 0.175532 0.168421 0.159574
0 0.710526 0.132979 0.157895 0.180851
0 0.636842 0.244681 0.221053 0.170213
