1 0.478007 0.277901 0.428179 0.458241
0 0.159450 0.168514 0.138832 0.232077
0 0.270447 0.133038 0.145017 0.196600
0 0.108591 0.060976 0.195189 0.120473
0 0.243643 0.803769 0.219244 0.218034
0 0.426804 0.824464 0.225430 0.206208
0 0.401375 0.657058 0.237801 0.158167
0 0.075258 0.858832 0.149141 0.203991
0 0.825430 0.874353 0.226804 0.169993
0 0.920962 0.460458 0.156701 0.229120
0 0.442268 0.396157 0.191753 0.232077
0 0.593471 0.357354 0.202749 0.176644
0 0.603436 0.186622 0.214433 0.169254
0 0.445017 0.158537 0.147766 0.218034
0 0.379725 0.279010 0.204124 0.182557
