1 0.215789 0.447368 0.410526 0.389474
0 0.468421 0.489474 0.178947 0.178947
0 0.568421 0.373684 0.189474 0.136842
0 0.494737 0.263158 0.126316 0.189474
0 0.431579 0.084211 0.231579 0.147368
0 0.326316 0.226316 0.189474 0.136842
0 0.226316 0.136842 0.157895 0.210526
0 0.121053 0.457895 0.200000 0.157895
0 0.173684 0.557895 0.157895 0.189474
0 0.310526 0.552632 0.157895 0.178947
0 0.321053 0.394737 0.221053 0.157895
0 0.200000 0.352632 0.147368 0.221053
0 0.126316 0.805263 0.147368 0.200000
0 0.200000 0.921053 0.189474 0.136842
