0 0.336195 0.583888 0.172390 0.223208
0 0.555632 0.684775 0.144231 0.244642
0 0.688874 0.753511 0.206044 0.154472
0 0.650069 0.899483 0.157280 0.156689
0 0.500000 0.895787 0.155220 0.183296
0 0.134272 0.545455 0.142170 0.181818
0 0.212912 0.434959 0.211538 0.172210
0 0.399382 0.432003 0.169643 0.178123
0 0.577953 0.512934 0.220467 0.165558
0 0.680975 0.389505 0.175137 0.218773
0 0.816964 0.290466 0.158654 0.227642
0 0.893201 0.470436 0.213599 0.169254
0 0.853365 0.601626 0.144918 0.214339
0 0.715316 0.587953 0.149038 0.189948
0 0.538118 0.359202 0.147665 0.226164
0 0.583104 0.181079 0.226648 0.165558
0 0.720467 0.111973 0.230769 0.155950
0 0.528846 0.089800 0.167582 0.070214
0 0.405563 0.271988 0.213599 0.158167
0 0.241415 0.284553 0.153159 0.211382
0 0.111951 0.347007 0.151099 0.155950
0 0.223214 0.128973 0.186813 0.151515
0 0.114354 0.115669 0.127060 0.141168
