2 0.602359 0.183627 0.054500 0.070593
1 0.712560 0.053838 0.044081 0.053714
3 0.100412 0.132561 0.057477 0.074165
2 0.139798 0.091967 0.067552 0.053098
0 0.138310 0.049895 0.025418 0.038191
1 0.104191 0.072564 0.042134 0.051743
0 0.055874 0.097388 0.028166 0.040039
1 0.032402 0.084144 0.040989 0.047801
0 0.089134 0.059690 0.023700 0.037329
1 0.113636 0.026303 0.056675 0.040779
0 0.042878 0.047678 0.023471 0.037206
0 0.066235 0.046138 0.031028 0.028212
0 0.019579 0.058150 0.023815 0.028828
0 0.038986 0.022237 0.034005 0.029691
3 0.043451 0.374707 0.066980 0.088087
4 0.234715 0.379389 0.081520 0.082912
4 0.165331 0.458729 0.067781 0.074535
2 0.181646 0.517309 0.059194 0.053468
0 0.223952 0.534742 0.035493 0.026980
0 0.242100 0.507392 0.033776 0.037822
0 0.073620 0.607737 0.026792 0.035481
1 0.091940 0.587348 0.048317 0.055316
2 0.213934 0.576937 0.048889 0.072441
0 0.018892 0.543489 0.021754 0.034865
0 0.122452 0.747136 0.035150 0.030676
0 0.157831 0.754959 0.036066 0.030060
0 0.147241 0.729149 0.034349 0.034865
3 0.203916 0.854133 0.067323 0.066034
1 0.251546 0.815572 0.040760 0.051990
0 0.270609 0.830541 0.028280 0.029691
0 0.293909 0.853394 0.031830 0.036959
1 0.270380 0.873229 0.046599 0.055686
0 0.278738 0.922508 0.036524 0.025625
2 0.294481 0.950166 0.074880 0.053098
1 0.066751 0.971048 0.055645 0.042627
0 0.153309 0.975668 0.038241 0.029691
0 0.120105 0.979303 0.030914 0.025625
0 0.561885 0.863065 0.033318 0.037575
0 0.596806 0.906000 0.028280 0.039916
1 0.568067 0.828754 0.053927 0.038684
0 0.752347 0.800357 0.036638 0.030676
1 0.781658 0.807441 0.042134 0.060367
3 0.656572 0.923556 0.051637 0.076999
4 0.719945 0.908402 0.071674 0.078970
1 0.588848 0.712455 0.051294 0.031539
0 0.694527 0.664531 0.047172 0.031785
1 0.656801 0.739682 0.042707 0.057164
1 0.628521 0.720278 0.044081 0.052606
1 0.609629 0.684674 0.052782 0.033140
2 0.668594 0.689787 0.067896 0.048047
0 0.549061 0.617962 0.027593 0.034249
1 0.533261 0.593754 0.055759 0.040532
3 0.463419 0.507700 0.069270 0.066773
0 0.389169 0.540717 0.038012 0.031292
0 0.406229 0.586547 0.029540 0.027350
0 0.385505 0.606382 0.027937 0.039423
2 0.457866 0.608168 0.046256 0.073057
2 0.436799 0.578169 0.046714 0.065295
3 0.354133 0.407909 0.075109 0.079340
0 0.550721 0.335777 0.028166 0.034865
1 0.574136 0.321486 0.047744 0.056794
1 0.525303 0.302020 0.054958 0.036343
0 0.519178 0.269558 0.042249 0.026118
3 0.901878 0.952137 0.038012 0.081188
3 0.670369 0.414562 0.067552 0.080572
1 0.662869 0.365098 0.058049 0.036343
0 0.654855 0.332635 0.025990 0.035727
4 0.895752 0.190095 0.051866 0.087717
4 0.888081 0.060429 0.067896 0.088087
