1 0.409549 0.731551 0.326311 0.365899
1 0.482253 0.310829 0.332036 0.335099
0 0.840623 0.785142 0.121365 0.184797
0 0.888138 0.876309 0.101901 0.123198
0 0.767918 0.932980 0.124800 0.113342
0 0.673460 0.105704 0.137394 0.102255
0 0.485688 0.104472 0.148844 0.114574
0 0.315090 0.076137 0.119075 0.141678
0 0.412583 0.031662 0.121708 0.063077
0 0.640256 0.034742 0.116785 0.069237
0 0.538356 0.034126 0.098466 0.068005
0 0.416991 0.807934 0.116785 0.173709
0 0.497138 0.743255 0.137394 0.125662
0 0.459927 0.634840 0.115640 0.165086
0 0.345432 0.639152 0.127090 0.153998
0 0.323105 0.751263 0.148844 0.121966
0 0.485688 0.385980 0.121365 0.172478
0 0.582436 0.325613 0.159148 0.120734
0 0.554958 0.215350 0.127090 0.151534
0 0.439318 0.209191 0.122510 0.144142
0 0.411266 0.316373 0.178612 0.126894
